---
poses:
- x: -26.0
  y: -22.0
  heading: 1.5707963267948966
- x: 0.0
  y: -40.0
  heading: 0.0
- x: 30.0
  y: -18.0
  heading: 0.0
constraints:
  maxVel: 70.0
  maxAccel: 40.0
  maxJerk: 0.0
  maxAngVel: 3.141592653589793
  maxAngAccel: 6.283185307179586
  maxAngJerk: 0.0
resolution: 0.25
