---
poses:
- x: -28.0
  y: -26.0
  heading: 1.5707963267948966
- x: -36.0
  y: -60.0
  heading: 1.5707963267948966
constraints:
  maxVel: 25.0
  maxAccel: 40.0
  maxJerk: 0.0
  maxAngVel: 3.141592653589793
  maxAngAccel: 6.283185307179586
  maxAngJerk: 0.0
resolution: 0.25
